450,500|450,750|575,625
420,490|420,740|545,615
430,500|430,750|555,625
440,500|440,750|565,625
450,500|450,750|575,625
450,500|450,750|575,625
440,500|440,750|565,625
450,500|450,750|575,625
450,500|450,750|575,625
450,500|450,750|575,625
450,500|450,750|575,625
490,480|490,730|615,605
480,490|480,740|605,615
470,500|470,750|595,625
460,500|460,750|585,625
450,500|450,750|575,625
430,520|430,770|555,645
440,510|440,760|565,635
450,500|450,750|575,625
450,500|450,750|575,625
450,500|450,750|575,625
420,470|420,720|545,595
430,480|430,730|555,605
440,490|440,740|565,615
450,500|450,750|575,625
450,500|450,750|575,625
490,500|490,750|615,625
480,500|480,750|605,625
470,500|470,750|595,625
460,500|460,750|585,625
450,500|450,750|575,625
500,530|500,780|625,655
490,520|490,770|615,645
480,510|480,760|605,635
470,500|470,750|595,625
460,500|460,750|585,625
490,550|490,800|615,675
480,540|480,790|605,665
470,530|470,780|595,655
460,520|460,770|585,645
450,510|450,760|575,635
400,530|400,780|525,655
410,520|410,770|535,645
420,510|420,760|545,635
430,500|430,750|555,625
440,500|440,750|565,625
490,550|490,800|615,675
480,540|480,790|605,665
470,530|470,780|595,655
460,520|460,770|585,645
450,510|450,760|575,635
430,540|430,790|555,665
440,530|440,780|565,655
450,520|450,770|575,645
450,510|450,760|575,635
450,500|450,750|575,625
410,450|410,700|535,575
420,460|420,710|545,585
430,470|430,720|555,595
440,480|440,730|565,605
450,490|450,740|575,615
410,480|410,730|535,605
420,490|420,740|545,615
430,500|430,750|555,625
440,500|440,750|565,625
450,500|450,750|575,625
430,540|430,790|555,665
440,530|440,780|565,655
450,520|450,770|575,645
450,510|450,760|575,635
450,500|450,750|575,625
470,550|470,800|595,675
460,540|460,790|585,665
450,530|450,780|575,655
450,520|450,770|575,645
450,510|450,760|575,635
420,550|420,800|545,675
430,540|430,790|555,665
440,530|440,780|565,655
450,520|450,770|575,645
450,510|450,760|575,635
500,510|500,760|625,635
490,500|490,750|615,625
480,500|480,750|605,625
470,500|470,750|595,625
460,500|460,750|585,625
480,450|480,700|605,575
470,460|470,710|595,585
460,470|460,720|585,595
450,480|450,730|575,605
450,490|450,740|575,615
420,490|420,740|545,615
430,500|430,750|555,625
440,500|440,750|565,625
450,500|450,750|575,625
450,500|450,750|575,625
440,530|440,780|565,655
450,520|450,770|575,645
450,510|450,760|575,635
450,500|450,750|575,625
450,500|450,750|575,625
430,500|430,750|555,625
440,500|440,750|565,625
450,500|450,750|575,625
450,500|450,750|575,625
450,500|450,750|575,625
460,550|460,800|585,675
450,540|450,790|575,665
450,530|450,780|575,655
450,520|450,770|575,645
450,510|450,760|575,635
400,520|400,770|525,645
410,510|410,760|535,635
420,500|420,750|545,625
430,500|430,750|555,625
440,500|440,750|565,625
500,520|500,770|625,645
490,510|490,760|615,635
480,500|480,750|605,625
470,500|470,750|595,625
460,500|460,750|585,625
480,460|480,710|605,585
470,470|470,720|595,595
460,480|460,730|585,605
450,490|450,740|575,615
450,500|450,750|575,625
160,400|160,650|285,525
170,410|170,660|295,535
180,420|180,670|305,545
190,430|190,680|315,555
