585,625|585,750|710,750|710,625
605,585|605,710|730,710|730,585
595,595|595,720|720,720|720,595
585,605|585,730|710,730|710,605
575,615|575,740|700,740|700,615
535,605|535,730|660,730|660,605
545,615|545,740|670,740|670,615
555,625|555,750|680,750|680,625
565,625|565,750|690,750|690,625
575,625|575,750|700,750|700,625
615,585|615,710|740,710|740,585
605,595|605,720|730,720|730,595
595,605|595,730|720,730|720,605
585,615|585,740|710,740|710,615
625,585|625,710|750,710|750,585
615,595|615,720|740,720|740,595
605,605|605,730|730,730|730,605
595,615|595,740|720,740|720,615
585,625|585,750|710,750|710,625
615,595|615,720|740,720|740,595
605,605|605,730|730,730|730,605
595,615|595,740|720,740|720,615
585,625|585,750|710,750|710,625
565,595|565,720|690,720|690,595
575,605|575,730|700,730|700,605
575,615|575,740|700,740|700,615
575,625|575,750|700,750|700,625
625,575|625,700|750,700|750,575
615,585|615,710|740,710|740,585
605,595|605,720|730,720|730,595
595,605|595,730|720,730|720,605
585,615|585,740|710,740|710,615
585,635|585,760|710,760|710,635
575,625|575,750|700,750|700,625
575,625|575,750|700,750|700,625
575,625|575,750|700,750|700,625
575,625|575,750|700,750|700,625
535,675|535,800|660,800|660,675
545,665|545,790|670,790|670,665
555,655|555,780|680,780|680,655
565,645|565,770|690,770|690,645
575,635|575,760|700,760|700,635
585,595|585,720|710,720|710,595
575,605|575,730|700,730|700,605
575,615|575,740|700,740|700,615
575,625|575,750|700,750|700,625
575,625|575,750|700,750|700,625
565,625|565,750|690,750|690,625
575,625|575,750|700,750|700,625
575,625|575,750|700,750|700,625
575,625|575,750|700,750|700,625
575,625|575,750|700,750|700,625
535,665|535,790|660,790|660,665
545,655|545,780|670,780|670,655
555,645|555,770|680,770|680,645
565,635|565,760|690,760|690,635
545,595|545,720|670,720|670,595
555,605|555,730|680,730|680,605
565,615|565,740|690,740|690,615
575,625|575,750|700,750|700,625
575,625|575,750|700,750|700,625
565,615|565,740|690,740|690,615
575,625|575,750|700,750|700,625
575,625|575,750|700,750|700,625
575,625|575,750|700,750|700,625
575,625|575,750|700,750|700,625
525,665|525,790|650,790|650,665
535,655|535,780|660,780|660,655
545,645|545,770|670,770|670,645
555,635|555,760|680,760|680,635
565,625|565,750|690,750|690,625
545,645|545,770|670,770|670,645
555,635|555,760|680,760|680,635
565,625|565,750|690,750|690,625
575,625|575,750|700,750|700,625
575,625|575,750|700,750|700,625
555,575|555,700|680,700|680,575
565,585|565,710|690,710|690,585
575,595|575,720|700,720|700,595
575,605|575,730|700,730|700,605
575,615|575,740|700,740|700,615
585,585|585,710|710,710|710,585
575,595|575,720|700,720|700,595
575,605|575,730|700,730|700,605
575,615|575,740|700,740|700,615
605,615|605,740|730,740|730,615
595,625|595,750|720,750|720,625
585,625|585,750|710,750|710,625
575,625|575,750|700,750|700,625
575,625|575,750|700,750|700,625
615,615|615,740|740,740|740,615
605,625|605,750|730,750|730,625
595,625|595,750|720,750|720,625
585,625|585,750|710,750|710,625
575,625|575,750|700,750|700,625
545,615|545,740|670,740|670,615
555,625|555,750|680,750|680,625
565,625|565,750|690,750|690,625
575,625|575,750|700,750|700,625
575,625|575,750|700,750|700,625
525,615|525,740|650,740|650,615
535,625|535,750|660,750|660,625
545,625|545,750|670,750|670,625
555,625|555,750|680,750|680,625
565,625|565,750|690,750|690,625
595,615|595,740|720,740|720,615
585,625|585,750|710,750|710,625
575,625|575,750|700,750|700,625
575,625|575,750|700,750|700,625
625,575|625,700|750,700|750,575
615,585|615,710|740,710|740,585
605,595|605,720|730,720|730,595
595,605|595,730|720,730|720,605
585,615|585,740|710,740|710,615
585,605|585,730|710,730|710,605
575,615|575,740|700,740|700,615
575,625|575,750|700,750|700,625
575,625|575,750|700,750|700,625
