450,250|450,500|575,625|575,375
490,210|490,460|615,585|615,335
480,220|480,470|605,595|605,345
470,230|470,480|595,605|595,355
460,240|460,490|585,615|585,365
440,290|440,540|565,665|565,415
450,280|450,530|575,655|575,405
450,270|450,520|575,645|575,395
450,260|450,510|575,635|575,385
450,250|450,500|575,625|575,375
410,290|410,540|535,665|535,415
420,280|420,530|545,655|545,405
430,270|430,520|555,645|555,395
440,260|440,510|565,635|565,385
500,220|500,470|625,595|625,345
490,230|490,480|615,605|615,355
480,240|480,490|605,615|605,365
470,250|470,500|595,625|595,375
460,250|460,500|585,625|585,375
410,250|410,500|535,625|535,375
420,250|420,500|545,625|545,375
430,250|430,500|555,625|555,375
440,250|440,500|565,625|565,375
450,250|450,500|575,625|575,375
440,270|440,520|565,645|565,395
450,260|450,510|575,635|575,385
450,250|450,500|575,625|575,375
450,250|450,500|575,625|575,375
450,250|450,500|575,625|575,375
450,250|450,500|575,625|575,375
410,240|410,490|535,615|535,365
420,250|420,500|545,625|545,375
430,250|430,500|555,625|555,375
440,250|440,500|565,625|565,375
450,250|450,500|575,625|575,375
400,270|400,520|525,645|525,395
410,260|410,510|535,635|535,385
420,250|420,500|545,625|545,375
430,250|430,500|555,625|555,375
440,250|440,500|565,625|565,375
480,280|480,530|605,655|605,405
470,270|470,520|595,645|595,395
460,260|460,510|585,635|585,385
450,250|450,500|575,625|575,375
450,250|450,500|575,625|575,375
470,230|470,480|595,605|595,355
460,240|460,490|585,615|585,365
450,250|450,500|575,625|575,375
450,250|450,500|575,625|575,375
450,250|450,500|575,625|575,375
430,300|430,550|555,675|555,425
440,290|440,540|565,665|565,415
450,280|450,530|575,655|575,405
450,270|450,520|575,645|575,395
450,260|450,510|575,635|575,385
