700,625|700,750|825,750|825,625
730,615|730,740|855,740|855,615
720,625|720,750|845,750|845,625
710,625|710,750|835,750|835,625
700,625|700,750|825,750|825,625
710,605|710,730|835,730|835,605
700,615|700,740|825,740|825,615
700,625|700,750|825,750|825,625
700,625|700,750|825,750|825,625
700,625|700,750|825,750|825,625
720,645|720,770|845,770|845,645
710,635|710,760|835,760|835,635
700,625|700,750|825,750|825,625
700,625|700,750|825,750|825,625
710,585|710,710|835,710|835,585
700,595|700,720|825,720|825,595
700,605|700,730|825,730|825,605
700,615|700,740|825,740|825,615
700,625|700,750|825,750|825,625
730,655|730,780|855,780|855,655
720,645|720,770|845,770|845,645
710,635|710,760|835,760|835,635
700,625|700,750|825,750|825,625
740,665|740,790|865,790|865,665
730,655|730,780|855,780|855,655
720,645|720,770|845,770|845,645
710,635|710,760|835,760|835,635
690,655|690,780|815,780|815,655
700,645|700,770|825,770|825,645
700,635|700,760|825,760|825,635
700,625|700,750|825,750|825,625
700,625|700,750|825,750|825,625
750,625|750,750|875,750|875,625
740,625|740,750|865,750|865,625
730,625|730,750|855,750|855,625
720,625|720,750|845,750|845,625
710,625|710,750|835,750|835,625
710,625|710,750|835,750|835,625
700,625|700,750|825,750|825,625
700,625|700,750|825,750|825,625
700,625|700,750|825,750|825,625
700,625|700,750|825,750|825,625
750,615|750,740|875,740|875,615
740,625|740,750|865,750|865,625
730,625|730,750|855,750|855,625
720,625|720,750|845,750|845,625
710,625|710,750|835,750|835,625
680,635|680,760|805,760|805,635
690,625|690,750|815,750|815,625
700,625|700,750|825,750|825,625
700,625|700,750|825,750|825,625
700,625|700,750|825,750|825,625
740,605|740,730|865,730|865,605
730,615|730,740|855,740|855,615
720,625|720,750|845,750|845,625
710,625|710,750|835,750|835,625
730,575|730,700|855,700|855,575
720,585|720,710|845,710|845,585
710,595|710,720|835,720|835,595
700,605|700,730|825,730|825,605
700,615|700,740|825,740|825,615
750,585|750,710|875,710|875,585
740,595|740,720|865,720|865,595
730,605|730,730|855,730|855,605
720,615|720,740|845,740|845,615
710,625|710,750|835,750|835,625
730,665|730,790|855,790|855,665
720,655|720,780|845,780|845,655
710,645|710,770|835,770|835,645
700,635|700,760|825,760|825,635
700,625|700,750|825,750|825,625
700,625|700,750|825,750|825,625
700,625|700,750|825,750|825,625
700,625|700,750|825,750|825,625
700,625|700,750|825,750|825,625
690,625|690,750|815,750|815,625
700,625|700,750|825,750|825,625
700,625|700,750|825,750|825,625
700,625|700,750|825,750|825,625
740,615|740,740|865,740|865,615
730,625|730,750|855,750|855,625
720,625|720,750|845,750|845,625
710,625|710,750|835,750|835,625
670,675|670,800|795,800|795,675
680,665|680,790|805,790|805,665
690,655|690,780|815,780|815,655
700,645|700,770|825,770|825,645
700,635|700,760|825,760|825,635
730,595|730,720|855,720|855,595
720,605|720,730|845,730|845,605
710,615|710,740|835,740|835,615
700,625|700,750|825,750|825,625
700,625|700,750|825,750|825,625
660,605|660,730|785,730|785,605
670,615|670,740|795,740|795,615
680,625|680,750|805,750|805,625
690,625|690,750|815,750|815,625
700,625|700,750|825,750|825,625
680,585|680,710|805,710|805,585
690,595|690,720|815,720|815,595
700,605|700,730|825,730|825,605
700,615|700,740|825,740|825,615
720,605|720,730|845,730|845,605
710,615|710,740|835,740|835,615
700,625|700,750|825,750|825,625
700,625|700,750|825,750|825,625
730,635|730,760|855,760|855,635
720,625|720,750|845,750|845,625
710,625|710,750|835,750|835,625
700,625|700,750|825,750|825,625
740,625|740,750|865,750|865,625
730,625|730,750|855,750|855,625
720,625|720,750|845,750|845,625
710,625|710,750|835,750|835,625
