960,500|835,625|835,750|960,750
940,470|815,595|815,720|940,720
950,480|825,605|825,730|950,730
950,490|825,615|825,740|950,740
950,500|825,625|825,750|950,750
900,490|775,615|775,740|900,740
910,500|785,625|785,750|910,750
920,500|795,625|795,750|920,750
930,500|805,625|805,750|930,750
940,500|815,625|815,750|940,750
970,500|845,625|845,750|970,750
960,500|835,625|835,750|960,750
950,500|825,625|825,750|950,750
950,500|825,625|825,750|950,750
1000,500|875,625|875,750|1000,750
990,500|865,625|865,750|990,750
980,500|855,625|855,750|980,750
970,500|845,625|845,750|970,750
960,500|835,625|835,750|960,750
910,510|785,635|785,760|910,760
920,500|795,625|795,750|920,750
930,500|805,625|805,750|930,750
940,500|815,625|815,750|940,750
960,510|835,635|835,760|960,760
950,500|825,625|825,750|950,750
950,500|825,625|825,750|950,750
950,500|825,625|825,750|950,750
910,550|785,675|785,800|910,800
920,540|795,665|795,790|920,790
930,530|805,655|805,780|930,780
940,520|815,645|815,770|940,770
950,510|825,635|825,760|950,760
920,460|795,585|795,710|920,710
930,470|805,595|805,720|930,720
940,480|815,605|815,730|940,730
950,490|825,615|825,740|950,740
910,450|785,575|785,700|910,700
920,460|795,585|795,710|920,710
930,470|805,595|805,720|930,720
940,480|815,605|815,730|940,730
950,490|825,615|825,740|950,740
940,450|815,575|815,700|940,700
950,460|825,585|825,710|950,710
950,470|825,595|825,720|950,720
950,480|825,605|825,730|950,730
950,490|825,615|825,740|950,740
1000,450|875,575|875,700|1000,700
990,460|865,585|865,710|990,710
980,470|855,595|855,720|980,720
970,480|845,605|845,730|970,730
960,490|835,615|835,740|960,740
940,530|815,655|815,780|940,780
950,520|825,645|825,770|950,770
950,510|825,635|825,760|950,760
950,500|825,625|825,750|950,750
940,490|815,615|815,740|940,740
950,500|825,625|825,750|950,750
950,500|825,625|825,750|950,750
950,500|825,625|825,750|950,750
940,470|815,595|815,720|940,720
950,480|825,605|825,730|950,730
950,490|825,615|825,740|950,740
950,500|825,625|825,750|950,750
920,500|795,625|795,750|920,750
930,500|805,625|805,750|930,750
940,500|815,625|815,750|940,750
950,500|825,625|825,750|950,750
960,450|835,575|835,700|960,700
950,460|825,585|825,710|950,710
950,470|825,595|825,720|950,720
950,480|825,605|825,730|950,730
950,490|825,615|825,740|950,740
990,460|865,585|865,710|990,710
980,470|855,595|855,720|980,720
970,480|845,605|845,730|970,730
960,490|835,615|835,740|960,740
950,490|825,615|825,740|950,740
950,500|825,625|825,750|950,750
950,500|825,625|825,750|950,750
950,500|825,625|825,750|950,750
930,530|805,655|805,780|930,780
940,520|815,645|815,770|940,770
950,510|825,635|825,760|950,760
950,500|825,625|825,750|950,750
920,550|795,675|795,800|920,800
930,540|805,665|805,790|930,790
940,530|815,655|815,780|940,780
950,520|825,645|825,770|950,770
950,510|825,635|825,760|950,760
970,550|845,675|845,800|970,800
960,540|835,665|835,790|960,790
950,530|825,655|825,780|950,780
950,520|825,645|825,770|950,770
950,510|825,635|825,760|950,760
910,490|785,615|785,740|910,740
920,500|795,625|795,750|920,750
930,500|805,625|805,750|930,750
940,500|815,625|815,750|940,750
930,510|805,635|805,760|930,760
940,500|815,625|815,750|940,750
950,500|825,625|825,750|950,750
950,500|825,625|825,750|950,750
950,540|825,665|825,790|950,790
950,530|825,655|825,780|950,780
950,520|825,645|825,770|950,770
950,510|825,635|825,760|950,760
980,530|855,655|855,780|980,780
970,520|845,645|845,770|970,770
960,510|835,635|835,760|960,760
950,500|825,625|825,750|950,750
920,530|795,655|795,780|920,780
930,520|805,645|805,770|930,770
940,510|815,635|815,760|940,760
950,500|825,625|825,750|950,750
