585,500|585,625|710,500
525,490|525,615|650,490
535,500|535,625|660,500
545,500|545,625|670,500
555,500|555,625|680,500
565,500|565,625|690,500
525,510|525,635|650,510
535,500|535,625|660,500
545,500|545,625|670,500
555,500|555,625|680,500
565,500|565,625|690,500
565,450|565,575|690,450
575,460|575,585|700,460
575,470|575,595|700,470
575,480|575,605|700,480
575,490|575,615|700,490
535,480|535,605|660,480
545,490|545,615|670,490
555,500|555,625|680,500
565,500|565,625|690,500
575,500|575,625|700,500
535,460|535,585|660,460
545,470|545,595|670,470
555,480|555,605|680,480
565,490|565,615|690,490
575,500|575,625|700,500
565,510|565,635|690,510
575,500|575,625|700,500
575,500|575,625|700,500
575,500|575,625|700,500
575,500|575,625|700,500
625,530|625,655|750,530
615,520|615,645|740,520
605,510|605,635|730,510
595,500|595,625|720,500
585,500|585,625|710,500
605,470|605,595|730,470
595,480|595,605|720,480
585,490|585,615|710,490
575,500|575,625|700,500
575,500|575,625|700,500
535,500|535,625|660,500
545,500|545,625|670,500
555,500|555,625|680,500
565,500|565,625|690,500
575,500|575,625|700,500
565,450|565,575|690,450
575,460|575,585|700,460
575,470|575,595|700,470
575,480|575,605|700,480
575,490|575,615|700,490
625,530|625,655|750,530
615,520|615,645|740,520
605,510|605,635|730,510
595,500|595,625|720,500
585,500|585,625|710,500
625,460|625,585|750,460
615,470|615,595|740,470
605,480|605,605|730,480
595,490|595,615|720,490
585,500|585,625|710,500
555,550|555,675|680,550
565,540|565,665|690,540
575,530|575,655|700,530
575,520|575,645|700,520
575,510|575,635|700,510
575,470|575,595|700,470
575,480|575,605|700,480
575,490|575,615|700,490
575,500|575,625|700,500
575,500|575,625|700,500
525,460|525,585|650,460
535,470|535,595|660,470
545,480|545,605|670,480
555,490|555,615|680,490
565,500|565,625|690,500
565,490|565,615|690,490
575,500|575,625|700,500
575,500|575,625|700,500
575,500|575,625|700,500
575,500|575,625|700,500
595,530|595,655|720,530
585,520|585,645|710,520
575,510|575,635|700,510
575,500|575,625|700,500
575,500|575,625|700,500
565,460|565,585|690,460
575,470|575,595|700,470
575,480|575,605|700,480
575,490|575,615|700,490
575,500|575,625|700,500
545,550|545,675|670,550
555,540|555,665|680,540
565,530|565,655|690,530
575,520|575,645|700,520
575,510|575,635|700,510
625,540|625,665|750,540
615,530|615,655|740,530
605,520|605,645|730,520
595,510|595,635|720,510
585,500|585,625|710,500
605,530|605,655|730,530
595,520|595,645|720,520
585,510|585,635|710,510
575,500|575,625|700,500
575,500|575,625|700,500
625,500|625,625|750,500
615,500|615,625|740,500
605,500|605,625|730,500
595,500|595,625|720,500
585,500|585,625|710,500
575,490|575,615|700,490
575,500|575,625|700,500
575,500|575,625|700,500
575,500|575,625|700,500
575,500|575,625|700,500
535,550|535,675|660,550
545,540|545,665|670,540
555,530|555,655|680,530
565,520|565,645|690,520
575,510|575,635|700,510
535,510|535,635|660,510
545,500|545,625|670,500
555,500|555,625|680,500
565,500|565,625|690,500
575,500|575,625|700,500
