700,500|825,625|825,500
680,470|805,595|805,470
690,480|815,605|815,480
700,490|825,615|825,490
700,500|825,625|825,500
660,540|785,665|785,540
670,530|795,655|795,530
680,520|805,645|805,520
690,510|815,635|815,510
700,500|825,625|825,500
710,480|835,605|835,480
700,490|825,615|825,490
700,500|825,625|825,500
700,500|825,625|825,500
700,500|825,625|825,500
740,520|865,645|865,520
730,510|855,635|855,510
720,500|845,625|845,500
710,500|835,625|835,500
700,500|825,625|825,500
700,480|825,605|825,480
700,490|825,615|825,490
700,500|825,625|825,500
700,500|825,625|825,500
700,500|825,625|825,500
710,460|835,585|835,460
700,470|825,595|825,470
700,480|825,605|825,480
700,490|825,615|825,490
700,500|825,625|825,500
700,500|825,625|825,500
680,510|805,635|805,510
690,500|815,625|815,500
700,500|825,625|825,500
700,500|825,625|825,500
700,500|825,625|825,500
710,470|835,595|835,470
700,480|825,605|825,480
700,490|825,615|825,490
700,500|825,625|825,500
700,500|825,625|825,500
740,510|865,635|865,510
730,500|855,625|855,500
720,500|845,625|845,500
710,500|835,625|835,500
700,500|825,625|825,500
680,540|805,665|805,540
690,530|815,655|815,530
700,520|825,645|825,520
700,510|825,635|825,510
700,500|825,625|825,500
650,550|775,675|775,550
660,540|785,665|785,540
670,530|795,655|795,530
680,520|805,645|805,520
690,510|815,635|815,510
720,480|845,605|845,480
710,490|835,615|835,490
700,500|825,625|825,500
700,500|825,625|825,500
700,500|825,625|825,500
680,510|805,635|805,510
690,500|815,625|815,500
700,500|825,625|825,500
700,500|825,625|825,500
700,500|825,625|825,500
750,530|875,655|875,530
740,520|865,645|865,520
730,510|855,635|855,510
720,500|845,625|845,500
710,500|835,625|835,500
690,540|815,665|815,540
700,530|825,655|825,530
700,520|825,645|825,520
700,510|825,635|825,510
700,500|825,625|825,500
740,500|865,625|865,500
730,500|855,625|855,500
720,500|845,625|845,500
710,500|835,625|835,500
700,500|825,625|825,500
670,550|795,675|795,550
680,540|805,665|805,540
690,530|815,655|815,530
700,520|825,645|825,520
700,510|825,635|825,510
