700,500|575,625|825,625
680,460|555,585|805,585
690,470|565,595|815,595
700,480|575,605|825,605
700,490|575,615|825,615
740,550|615,675|865,675
730,540|605,665|855,665
720,530|595,655|845,655
710,520|585,645|835,645
700,510|575,635|825,635
680,490|555,615|805,615
690,500|565,625|815,625
700,500|575,625|825,625
700,500|575,625|825,625
700,500|575,625|825,625
680,480|555,605|805,605
690,490|565,615|815,615
700,500|575,625|825,625
700,500|575,625|825,625
700,500|575,625|825,625
750,540|625,665|875,665
740,530|615,655|865,655
730,520|605,645|855,645
720,510|595,635|845,635
710,500|585,625|835,625
720,520|595,645|845,645
710,510|585,635|835,635
700,500|575,625|825,625
700,500|575,625|825,625
700,500|575,625|825,625
700,500|575,625|825,625
660,450|535,575|785,575
670,460|545,585|795,585
680,470|555,595|805,595
690,480|565,605|815,605
700,490|575,615|825,615
740,500|615,625|865,625
730,500|605,625|855,625
720,500|595,625|845,625
710,500|585,625|835,625
700,500|575,625|825,625
720,510|595,635|845,635
710,500|585,625|835,625
700,500|575,625|825,625
700,500|575,625|825,625
700,500|575,625|825,625
670,450|545,575|795,575
680,460|555,585|805,585
690,470|565,595|815,595
700,480|575,605|825,605
700,490|575,615|825,615
700,450|575,575|825,575
700,460|575,585|825,585
700,470|575,595|825,595
700,480|575,605|825,605
700,490|575,615|825,615
