460,260|585,385|710,260
400,210|525,335|650,210
410,220|535,345|660,220
420,230|545,355|670,230
430,240|555,365|680,240
440,250|565,375|690,250
400,260|525,385|650,260
410,250|535,375|660,250
420,250|545,375|670,250
430,250|555,375|680,250
440,250|565,375|690,250
400,280|525,405|650,280
410,270|535,395|660,270
420,260|545,385|670,260
430,250|555,375|680,250
440,250|565,375|690,250
420,250|545,375|670,250
430,250|555,375|680,250
440,250|565,375|690,250
450,250|575,375|700,250
450,250|575,375|700,250
460,240|585,365|710,240
450,250|575,375|700,250
450,250|575,375|700,250
450,250|575,375|700,250
450,250|575,375|700,250
410,230|535,355|660,230
420,240|545,365|670,240
430,250|555,375|680,250
440,250|565,375|690,250
450,250|575,375|700,250
410,220|535,345|660,220
420,230|545,355|670,230
430,240|555,365|680,240
440,250|565,375|690,250
450,250|575,375|700,250
440,220|565,345|690,220
450,230|575,355|700,230
450,240|575,365|700,240
450,250|575,375|700,250
450,250|575,375|700,250
480,260|605,385|730,260
470,250|595,375|720,250
460,250|585,375|710,250
450,250|575,375|700,250
450,250|575,375|700,250
430,250|555,375|680,250
440,250|565,375|690,250
450,250|575,375|700,250
450,250|575,375|700,250
450,250|575,375|700,250
500,200|625,325|750,200
490,210|615,335|740,210
480,220|605,345|730,220
470,230|595,355|720,230
460,240|585,365|710,240
480,300|605,425|730,300
470,290|595,415|720,290
460,280|585,405|710,280
450,270|575,395|700,270
450,260|575,385|700,260
430,200|555,325|680,200
440,210|565,335|690,210
450,220|575,345|700,220
450,230|575,355|700,230
450,240|575,365|700,240
430,250|555,375|680,250
440,250|565,375|690,250
450,250|575,375|700,250
450,250|575,375|700,250
450,250|575,375|700,250
470,290|595,415|720,290
460,280|585,405|710,280
450,270|575,395|700,270
450,260|575,385|700,260
450,250|575,375|700,250
400,220|525,345|650,220
410,230|535,355|660,230
420,240|545,365|670,240
430,250|555,375|680,250
440,250|565,375|690,250
500,240|625,365|750,240
490,250|615,375|740,250
480,250|605,375|730,250
470,250|595,375|720,250
460,250|585,375|710,250
490,210|615,335|740,210
480,220|605,345|730,220
470,230|595,355|720,230
460,240|585,365|710,240
450,250|575,375|700,250
430,220|555,345|680,220
440,230|565,355|690,230
450,240|575,365|700,240
450,250|575,375|700,250
450,250|575,375|700,250
460,200|585,325|710,200
450,210|575,335|700,210
450,220|575,345|700,220
450,230|575,355|700,230
450,240|575,365|700,240
430,200|555,325|680,200
440,210|565,335|690,210
450,220|575,345|700,220
450,230|575,355|700,230
450,240|575,365|700,240
500,230|625,355|750,230
490,240|615,365|740,240
480,250|605,375|730,250
470,250|595,375|720,250
460,250|585,375|710,250
480,270|605,395|730,270
470,260|595,385|720,260
460,250|585,375|710,250
450,250|575,375|700,250
450,250|575,375|700,250
470,240|595,365|720,240
460,250|585,375|710,250
450,250|575,375|700,250
450,250|575,375|700,250
450,250|575,375|700,250
430,250|555,375|680,250
440,250|565,375|690,250
450,250|575,375|700,250
450,250|575,375|700,250
450,250|575,375|700,250
