700,250|575,375|700,500|825,375
730,290|605,415|730,540|855,415
720,280|595,405|720,530|845,405
710,270|585,395|710,520|835,395
700,260|575,385|700,510|825,385
700,250|575,375|700,500|825,375
720,200|595,325|720,450|845,325
710,210|585,335|710,460|835,335
700,220|575,345|700,470|825,345
700,230|575,355|700,480|825,355
700,240|575,365|700,490|825,365
740,300|615,425|740,550|865,425
730,290|605,415|730,540|855,415
720,280|595,405|720,530|845,405
710,270|585,395|710,520|835,395
700,260|575,385|700,510|825,385
710,200|585,325|710,450|835,325
700,210|575,335|700,460|825,335
700,220|575,345|700,470|825,345
700,230|575,355|700,480|825,355
700,240|575,365|700,490|825,365
720,300|595,425|720,550|845,425
710,290|585,415|710,540|835,415
700,280|575,405|700,530|825,405
700,270|575,395|700,520|825,395
700,260|575,385|700,510|825,385
740,250|615,375|740,500|865,375
730,250|605,375|730,500|855,375
720,250|595,375|720,500|845,375
710,250|585,375|710,500|835,375
700,250|575,375|700,500|825,375
750,220|625,345|750,470|875,345
740,230|615,355|740,480|865,355
730,240|605,365|730,490|855,365
720,250|595,375|720,500|845,375
710,250|585,375|710,500|835,375
720,220|595,345|720,470|845,345
710,230|585,355|710,480|835,355
700,240|575,365|700,490|825,365
700,250|575,375|700,500|825,375
700,250|575,375|700,500|825,375
720,250|595,375|720,500|845,375
710,250|585,375|710,500|835,375
700,250|575,375|700,500|825,375
700,250|575,375|700,500|825,375
700,250|575,375|700,500|825,375
660,220|535,345|660,470|785,345
670,230|545,355|670,480|795,355
680,240|555,365|680,490|805,365
690,250|565,375|690,500|815,375
700,250|575,375|700,500|825,375
730,290|605,415|730,540|855,415
720,280|595,405|720,530|845,405
710,270|585,395|710,520|835,395
700,260|575,385|700,510|825,385
700,250|575,375|700,500|825,375
700,260|575,385|700,510|825,385
700,250|575,375|700,500|825,375
700,250|575,375|700,500|825,375
700,250|575,375|700,500|825,375
670,220|545,345|670,470|795,345
680,230|555,355|680,480|805,355
690,240|565,365|690,490|815,365
700,250|575,375|700,500|825,375
700,250|575,375|700,500|825,375
680,300|555,425|680,550|805,425
690,290|565,415|690,540|815,415
700,280|575,405|700,530|825,405
700,270|575,395|700,520|825,395
700,260|575,385|700,510|825,385
690,280|565,405|690,530|815,405
700,270|575,395|700,520|825,395
700,260|575,385|700,510|825,385
700,250|575,375|700,500|825,375
700,250|575,375|700,500|825,375
650,210|525,335|650,460|775,335
660,220|535,345|660,470|785,345
670,230|545,355|670,480|795,355
680,240|555,365|680,490|805,365
690,250|565,375|690,500|815,375
670,250|545,375|670,500|795,375
680,250|555,375|680,500|805,375
690,250|565,375|690,500|815,375
700,250|575,375|700,500|825,375
700,250|575,375|700,500|825,375
690,240|565,365|690,490|815,365
700,250|575,375|700,500|825,375
700,250|575,375|700,500|825,375
700,250|575,375|700,500|825,375
670,300|545,425|670,550|795,425
680,290|555,415|680,540|805,415
690,280|565,405|690,530|815,405
700,270|575,395|700,520|825,395
700,260|575,385|700,510|825,385
660,250|535,375|660,500|785,375
670,250|545,375|670,500|795,375
680,250|555,375|680,500|805,375
690,250|565,375|690,500|815,375
700,250|575,375|700,500|825,375
710,200|585,325|710,450|835,325
700,210|575,335|700,460|825,335
700,220|575,345|700,470|825,345
700,230|575,355|700,480|825,355
700,240|575,365|700,490|825,365
670,230|545,355|670,480|795,355
680,240|555,365|680,490|805,365
690,250|565,375|690,500|815,375
700,250|575,375|700,500|825,375
700,250|575,375|700,500|825,375
750,210|625,335|750,460|875,335
740,220|615,345|740,470|865,345
730,230|605,355|730,480|855,355
720,240|595,365|720,490|845,365
710,250|585,375|710,500|835,375
700,230|575,355|700,480|825,355
700,240|575,365|700,490|825,365
700,250|575,375|700,500|825,375
700,250|575,375|700,500|825,375
700,250|575,375|700,500|825,375
660,290|535,415|660,540|785,415
670,280|545,405|670,530|795,405
680,270|555,395|680,520|805,395
690,260|565,385|690,510|815,385
700,250|575,375|700,500|825,375
