575,625|450,750|575,750
545,615|420,740|545,740
555,625|430,750|555,750
565,625|440,750|565,750
575,625|450,750|575,750
615,645|490,770|615,770
605,635|480,760|605,760
595,625|470,750|595,750
585,625|460,750|585,750
575,625|450,750|575,750
525,665|400,790|525,790
535,655|410,780|535,780
545,645|420,770|545,770
555,635|430,760|555,760
565,625|440,750|565,750
555,665|430,790|555,790
565,655|440,780|565,780
575,645|450,770|575,770
575,635|450,760|575,760
575,625|450,750|575,750
625,605|500,730|625,730
615,615|490,740|615,740
605,625|480,750|605,750
595,625|470,750|595,750
585,625|460,750|585,750
575,665|450,790|575,790
575,655|450,780|575,780
575,645|450,770|575,770
575,635|450,760|575,760
575,625|450,750|575,750
575,625|450,750|575,750
605,665|480,790|605,790
595,655|470,780|595,780
585,645|460,770|585,770
575,635|450,760|575,760
575,625|450,750|575,750
525,675|400,800|525,800
535,665|410,790|535,790
545,655|420,780|545,780
555,645|430,770|555,770
565,635|440,760|565,760
575,665|450,790|575,790
575,655|450,780|575,780
575,645|450,770|575,770
575,635|450,760|575,760
575,625|450,750|575,750
555,575|430,700|555,700
565,585|440,710|565,710
575,595|450,720|575,720
575,605|450,730|575,730
575,615|450,740|575,740
605,645|480,770|605,770
595,635|470,760|595,760
585,625|460,750|585,750
575,625|450,750|575,750
575,625|450,750|575,750
615,595|490,720|615,720
605,605|480,730|605,730
595,615|470,740|595,740
585,625|460,750|585,750
575,625|450,750|575,750
625,665|500,790|625,790
615,655|490,780|615,780
605,645|480,770|605,770
595,635|470,760|595,760
585,625|460,750|585,750
545,615|420,740|545,740
555,625|430,750|555,750
565,625|440,750|565,750
575,625|450,750|575,750
585,645|460,770|585,770
575,635|450,760|575,760
575,625|450,750|575,750
575,625|450,750|575,750
625,605|500,730|625,730
615,615|490,740|615,740
605,625|480,750|605,750
595,625|470,750|595,750
585,625|460,750|585,750
625,625|500,750|625,750
615,625|490,750|615,750
605,625|480,750|605,750
595,625|470,750|595,750
585,625|460,750|585,750
