950,250|825,375|825,625|950,500
980,220|855,345|855,595|980,470
970,230|845,355|845,605|970,480
960,240|835,365|835,615|960,490
950,250|825,375|825,625|950,500
900,240|775,365|775,615|900,490
910,250|785,375|785,625|910,500
920,250|795,375|795,625|920,500
930,250|805,375|805,625|930,500
940,250|815,375|815,625|940,500
930,220|805,345|805,595|930,470
940,230|815,355|815,605|940,480
950,240|825,365|825,615|950,490
950,250|825,375|825,625|950,500
1000,250|875,375|875,625|1000,500
990,250|865,375|865,625|990,500
980,250|855,375|855,625|980,500
970,250|845,375|845,625|970,500
960,250|835,375|835,625|960,500
910,260|785,385|785,635|910,510
920,250|795,375|795,625|920,500
930,250|805,375|805,625|930,500
940,250|815,375|815,625|940,500
950,250|825,375|825,625|950,500
1000,200|875,325|875,575|1000,450
990,210|865,335|865,585|990,460
980,220|855,345|855,595|980,470
970,230|845,355|845,605|970,480
960,240|835,365|835,615|960,490
950,250|825,375|825,625|950,500
900,210|775,335|775,585|900,460
910,220|785,345|785,595|910,470
920,230|795,355|795,605|920,480
930,240|805,365|805,615|930,490
940,250|815,375|815,625|940,500
1000,240|875,365|875,615|1000,490
990,250|865,375|865,625|990,500
980,250|855,375|855,625|980,500
970,250|845,375|845,625|970,500
960,250|835,375|835,625|960,500
990,200|865,325|865,575|990,450
980,210|855,335|855,585|980,460
970,220|845,345|845,595|970,470
960,230|835,355|835,605|960,480
950,240|825,365|825,615|950,490
920,200|795,325|795,575|920,450
930,210|805,335|805,585|930,460
940,220|815,345|815,595|940,470
950,230|825,355|825,605|950,480
950,240|825,365|825,615|950,490
920,270|795,395|795,645|920,520
930,260|805,385|805,635|930,510
940,250|815,375|815,625|940,500
950,250|825,375|825,625|950,500
950,250|825,375|825,625|950,500
