825,375|700,500|825,500
805,335|680,460|805,460
815,345|690,470|815,470
825,355|700,480|825,480
825,365|700,490|825,490
825,375|700,500|825,500
795,365|670,490|795,490
805,375|680,500|805,500
815,375|690,500|815,500
825,375|700,500|825,500
825,375|700,500|825,500
795,345|670,470|795,470
805,355|680,480|805,480
815,365|690,490|815,490
825,375|700,500|825,500
825,375|700,500|825,500
855,325|730,450|855,450
845,335|720,460|845,460
835,345|710,470|835,470
825,355|700,480|825,480
825,365|700,490|825,490
795,325|670,450|795,450
805,335|680,460|805,460
815,345|690,470|815,470
825,355|700,480|825,480
825,365|700,490|825,490
835,345|710,470|835,470
825,355|700,480|825,480
825,365|700,490|825,490
825,375|700,500|825,500
825,375|700,500|825,500
875,405|750,530|875,530
865,395|740,520|865,520
855,385|730,510|855,510
845,375|720,500|845,500
835,375|710,500|835,500
815,415|690,540|815,540
825,405|700,530|825,530
825,395|700,520|825,520
825,385|700,510|825,510
825,375|700,500|825,500
795,405|670,530|795,530
805,395|680,520|805,520
815,385|690,510|815,510
825,375|700,500|825,500
825,375|700,500|825,500
785,375|660,500|785,500
795,375|670,500|795,500
805,375|680,500|805,500
815,375|690,500|815,500
825,375|700,500|825,500
775,395|650,520|775,520
785,385|660,510|785,510
795,375|670,500|795,500
805,375|680,500|805,500
815,375|690,500|815,500
845,415|720,540|845,540
835,405|710,530|835,530
825,395|700,520|825,520
825,385|700,510|825,510
825,375|700,500|825,500
865,415|740,540|865,540
855,405|730,530|855,530
845,395|720,520|845,520
835,385|710,510|835,510
825,375|700,500|825,500
855,395|730,520|855,520
845,385|720,510|845,510
835,375|710,500|835,500
825,375|700,500|825,500
825,375|700,500|825,500
805,325|680,450|805,450
815,335|690,460|815,460
825,345|700,470|825,470
825,355|700,480|825,480
825,365|700,490|825,490
835,385|710,510|835,510
825,375|700,500|825,500
825,375|700,500|825,500
825,375|700,500|825,500
825,375|700,500|825,500
865,335|740,460|865,460
855,345|730,470|855,470
845,355|720,480|845,480
835,365|710,490|835,490
825,375|700,500|825,500
825,385|700,510|825,510
825,375|700,500|825,500
825,375|700,500|825,500
825,375|700,500|825,500
825,375|700,500|825,500
805,365|680,490|805,490
815,375|690,500|815,500
825,375|700,500|825,500
825,375|700,500|825,500
825,375|700,500|825,500
815,365|690,490|815,490
825,375|700,500|825,500
825,375|700,500|825,500
825,375|700,500|825,500
825,375|700,500|825,500
855,385|730,510|855,510
845,375|720,500|845,500
835,375|710,500|835,500
825,375|700,500|825,500
825,375|700,500|825,500
865,395|740,520|865,520
855,385|730,510|855,510
845,375|720,500|845,500
835,375|710,500|835,500
825,375|700,500|825,500
875,325|750,450|875,450
865,335|740,460|865,460
855,345|730,470|855,470
845,355|720,480|845,480
835,365|710,490|835,490
795,425|670,550|795,550
805,415|680,540|805,540
815,405|690,530|815,530
825,395|700,520|825,520
825,385|700,510|825,510
835,425|710,550|835,550
825,415|700,540|825,540
825,405|700,530|825,530
825,395|700,520|825,520
825,385|700,510|825,510
