700,250|825,375|950,250
710,300|835,425|960,300
700,290|825,415|950,290
700,280|825,405|950,280
700,270|825,395|950,270
700,260|825,385|950,260
680,270|805,395|930,270
690,260|815,385|940,260
700,250|825,375|950,250
700,250|825,375|950,250
700,250|825,375|950,250
670,220|795,345|920,220
680,230|805,355|930,230
690,240|815,365|940,240
700,250|825,375|950,250
700,250|825,375|950,250
650,260|775,385|900,260
660,250|785,375|910,250
670,250|795,375|920,250
680,250|805,375|930,250
690,250|815,375|940,250
740,270|865,395|990,270
730,260|855,385|980,260
720,250|845,375|970,250
710,250|835,375|960,250
700,250|825,375|950,250
710,210|835,335|960,210
700,220|825,345|950,220
700,230|825,355|950,230
700,240|825,365|950,240
700,250|825,375|950,250
700,250|825,375|950,250
650,290|775,415|900,290
660,280|785,405|910,280
670,270|795,395|920,270
680,260|805,385|930,260
690,250|815,375|940,250
730,300|855,425|980,300
720,290|845,415|970,290
710,280|835,405|960,280
700,270|825,395|950,270
700,260|825,385|950,260
670,290|795,415|920,290
680,280|805,405|930,280
690,270|815,395|940,270
700,260|825,385|950,260
700,250|825,375|950,250
750,240|875,365|1000,240
740,250|865,375|990,250
730,250|855,375|980,250
720,250|845,375|970,250
710,250|835,375|960,250
690,260|815,385|940,260
700,250|825,375|950,250
700,250|825,375|950,250
700,250|825,375|950,250
700,250|825,375|950,250
