575,375|575,500|700,500
625,355|625,480|750,480
615,365|615,490|740,490
605,375|605,500|730,500
595,375|595,500|720,500
585,375|585,500|710,500
585,375|585,500|710,500
575,375|575,500|700,500
575,375|575,500|700,500
575,375|575,500|700,500
575,375|575,500|700,500
615,415|615,540|740,540
605,405|605,530|730,530
595,395|595,520|720,520
585,385|585,510|710,510
575,375|575,500|700,500
575,385|575,510|700,510
575,375|575,500|700,500
575,375|575,500|700,500
575,375|575,500|700,500
575,375|575,500|700,500
615,395|615,520|740,520
605,385|605,510|730,510
595,375|595,500|720,500
585,375|585,500|710,500
575,375|575,500|700,500
565,355|565,480|690,480
575,365|575,490|700,490
575,375|575,500|700,500
575,375|575,500|700,500
575,375|575,500|700,500
605,365|605,490|730,490
595,375|595,500|720,500
585,375|585,500|710,500
575,375|575,500|700,500
575,375|575,500|700,500
565,325|565,450|690,450
575,335|575,460|700,460
575,345|575,470|700,470
575,355|575,480|700,480
575,365|575,490|700,490
545,385|545,510|670,510
555,375|555,500|680,500
565,375|565,500|690,500
575,375|575,500|700,500
575,375|575,500|700,500
625,335|625,460|750,460
615,345|615,470|740,470
605,355|605,480|730,480
595,365|595,490|720,490
585,375|585,500|710,500
595,335|595,460|720,460
585,345|585,470|710,470
575,355|575,480|700,480
575,365|575,490|700,490
575,375|575,500|700,500
565,365|565,490|690,490
575,375|575,500|700,500
575,375|575,500|700,500
575,375|575,500|700,500
575,375|575,500|700,500
585,415|585,540|710,540
575,405|575,530|700,530
575,395|575,520|700,520
575,385|575,510|700,510
575,375|575,500|700,500
565,365|565,490|690,490
575,375|575,500|700,500
575,375|575,500|700,500
575,375|575,500|700,500
575,375|575,500|700,500
545,385|545,510|670,510
555,375|555,500|680,500
565,375|565,500|690,500
575,375|575,500|700,500
575,375|575,500|700,500
555,355|555,480|680,480
565,365|565,490|690,490
575,375|575,500|700,500
575,375|575,500|700,500
575,375|575,500|700,500
605,415|605,540|730,540
595,405|595,530|720,530
585,395|585,520|710,520
575,385|575,510|700,510
575,375|575,500|700,500
585,355|585,480|710,480
575,365|575,490|700,490
575,375|575,500|700,500
575,375|575,500|700,500
575,375|575,500|700,500
555,365|555,490|680,490
565,375|565,500|690,500
575,375|575,500|700,500
575,375|575,500|700,500
575,375|575,500|700,500
555,345|555,470|680,470
565,355|565,480|690,480
575,365|575,490|700,490
575,375|575,500|700,500
575,375|575,500|700,500
535,395|535,520|660,520
545,385|545,510|670,510
555,375|555,500|680,500
565,375|565,500|690,500
575,375|575,500|700,500
575,345|575,470|700,470
575,355|575,480|700,480
575,365|575,490|700,490
575,375|575,500|700,500
575,375|575,500|700,500
615,375|615,500|740,500
605,375|605,500|730,500
595,375|595,500|720,500
585,375|585,500|710,500
575,375|575,500|700,500
525,345|525,470|650,470
535,355|535,480|660,480
545,365|545,490|670,490
555,375|555,500|680,500
565,375|565,500|690,500
525,355|525,480|650,480
535,365|535,490|660,490
545,375|545,500|670,500
555,375|555,500|680,500
565,375|565,500|690,500
525,415|525,540|650,540
535,405|535,530|660,530
545,395|545,520|670,520
555,385|555,510|680,510
